1.123710937500000000e+02
2.526484375000000000e+02
1.123710937500000000e+02
2.950703125000000000e+02
1.123710937500000000e+02
3.318359375000000000e+02
1.169804687500000000e+02
3.799140625000000000e+02
1.354179687500000000e+02
4.138515625000000000e+02
1.607695312500000000e+02
4.393046875000000000e+02
1.930351562500000000e+02
4.534453125000000000e+02
2.253007812500000000e+02
4.619296875000000000e+02
2.598710937500000000e+02
4.619296875000000000e+02
2.944414062500000000e+02
4.619296875000000000e+02
3.267070312500000000e+02
4.534453125000000000e+02
3.543632812500000000e+02
4.364765625000000000e+02
3.797148437500000000e+02
4.081953125000000000e+02
3.889335937500000000e+02
3.714296875000000000e+02
3.889335937500000000e+02
3.233515625000000000e+02
3.889335937500000000e+02
2.865859375000000000e+02
3.889335937500000000e+02
2.441640625000000000e+02
1.423320312500000000e+02
2.130546875000000000e+02
1.619218750000000000e+02
1.975000000000000000e+02
1.849687500000000000e+02
1.946718750000000000e+02
2.080156250000000000e+02
1.946718750000000000e+02
2.299101562500000000e+02
1.989140625000000000e+02
2.875273437500000000e+02
2.031562500000000000e+02
3.094218750000000000e+02
2.003281250000000000e+02
3.290117187500000000e+02
2.031562500000000000e+02
3.497539062500000000e+02
2.059843750000000000e+02
3.681914062500000000e+02
2.215390625000000000e+02
2.598710937500000000e+02
2.385078125000000000e+02
2.621757812500000000e+02
2.611328125000000000e+02
2.621757812500000000e+02
2.837578125000000000e+02
2.621757812500000000e+02
3.035546875000000000e+02
2.229960937500000000e+02
3.205234375000000000e+02
2.437382812500000000e+02
3.233515625000000000e+02
2.621757812500000000e+02
3.261796875000000000e+02
2.806132812500000000e+02
3.233515625000000000e+02
2.967460937500000000e+02
3.205234375000000000e+02
1.653789062500000000e+02
2.413359375000000000e+02
1.769023437500000000e+02
2.328515625000000000e+02
2.068632812500000000e+02
2.328515625000000000e+02
2.183867187500000000e+02
2.413359375000000000e+02
2.045585937500000000e+02
2.469921875000000000e+02
1.769023437500000000e+02
2.469921875000000000e+02
2.921367187500000000e+02
2.469921875000000000e+02
3.036601562500000000e+02
2.385078125000000000e+02
3.336210937500000000e+02
2.385078125000000000e+02
3.451445312500000000e+02
2.469921875000000000e+02
3.336210937500000000e+02
2.554765625000000000e+02
3.059648437500000000e+02
2.554765625000000000e+02
2.045585937500000000e+02
3.714296875000000000e+02
2.276054687500000000e+02
3.572890625000000000e+02
2.529570312500000000e+02
3.488046875000000000e+02
2.621757812500000000e+02
3.488046875000000000e+02
2.713945312500000000e+02
3.488046875000000000e+02
2.944414062500000000e+02
3.544609375000000000e+02
3.151835937500000000e+02
3.686015625000000000e+02
2.990507812500000000e+02
3.799140625000000000e+02
2.829179687500000000e+02
3.883984375000000000e+02
2.621757812500000000e+02
3.912265625000000000e+02
2.414335937500000000e+02
3.883984375000000000e+02
2.229960937500000000e+02
3.799140625000000000e+02
2.068632812500000000e+02
3.714296875000000000e+02
2.345195312500000000e+02
3.657734375000000000e+02
2.621757812500000000e+02
3.657734375000000000e+02
2.875273437500000000e+02
3.657734375000000000e+02
3.128789062500000000e+02
3.686015625000000000e+02
2.875273437500000000e+02
3.686015625000000000e+02
2.621757812500000000e+02
3.686015625000000000e+02
2.345195312500000000e+02
3.686015625000000000e+02
