1.535468750000000000e+02
2.329648437500000000e+02
1.535468750000000000e+02
2.706445312500000000e+02
1.558906250000000000e+02
3.083242187500000000e+02
1.605781250000000000e+02
3.489023437500000000e+02
1.769843750000000000e+02
3.836835937500000000e+02
2.004218750000000000e+02
4.097695312500000000e+02
2.262031250000000000e+02
4.300585937500000000e+02
2.613593750000000000e+02
4.387539062500000000e+02
2.941718750000000000e+02
4.387539062500000000e+02
3.316718750000000000e+02
4.387539062500000000e+02
3.621406250000000000e+02
4.300585937500000000e+02
3.902656250000000000e+02
4.097695312500000000e+02
4.137031250000000000e+02
3.807851562500000000e+02
4.301093750000000000e+02
3.460039062500000000e+02
4.347968750000000000e+02
3.083242187500000000e+02
4.347968750000000000e+02
2.677460937500000000e+02
4.347968750000000000e+02
2.213710937500000000e+02
1.676093750000000000e+02
2.010820312500000000e+02
1.875312500000000000e+02
1.894882812500000000e+02
2.097968750000000000e+02
1.909375000000000000e+02
2.332343750000000000e+02
1.981835937500000000e+02
2.566718750000000000e+02
2.054296875000000000e+02
3.246406250000000000e+02
2.039804687500000000e+02
3.480781250000000000e+02
1.967343750000000000e+02
3.726875000000000000e+02
1.880390625000000000e+02
3.961250000000000000e+02
1.865898437500000000e+02
4.183906250000000000e+02
1.981835937500000000e+02
2.918281250000000000e+02
2.300664062500000000e+02
2.918281250000000000e+02
2.561523437500000000e+02
2.918281250000000000e+02
2.822382812500000000e+02
2.918281250000000000e+02
3.054257812500000000e+02
2.660468750000000000e+02
3.228164062500000000e+02
2.801093750000000000e+02
3.257148437500000000e+02
2.941718750000000000e+02
3.286132812500000000e+02
3.082343750000000000e+02
3.257148437500000000e+02
3.222968750000000000e+02
3.228164062500000000e+02
1.887031250000000000e+02
2.300664062500000000e+02
2.027656250000000000e+02
2.184726562500000000e+02
2.379218750000000000e+02
2.213710937500000000e+02
2.519843750000000000e+02
2.329648437500000000e+02
2.355781250000000000e+02
2.387617187500000000e+02
2.027656250000000000e+02
2.387617187500000000e+02
3.316718750000000000e+02
2.329648437500000000e+02
3.457343750000000000e+02
2.184726562500000000e+02
3.785468750000000000e+02
2.155742187500000000e+02
3.949531250000000000e+02
2.242695312500000000e+02
3.808906250000000000e+02
2.358632812500000000e+02
3.480781250000000000e+02
2.358632812500000000e+02
2.379218750000000000e+02
3.691914062500000000e+02
2.613593750000000000e+02
3.604960937500000000e+02
2.847968750000000000e+02
3.518007812500000000e+02
2.941718750000000000e+02
3.518007812500000000e+02
3.035468750000000000e+02
3.518007812500000000e+02
3.269843750000000000e+02
3.575976562500000000e+02
3.480781250000000000e+02
3.691914062500000000e+02
3.316718750000000000e+02
3.836835937500000000e+02
3.152656250000000000e+02
3.923789062500000000e+02
2.941718750000000000e+02
3.981757812500000000e+02
2.754218750000000000e+02
3.923789062500000000e+02
2.543281250000000000e+02
3.836835937500000000e+02
2.402656250000000000e+02
3.691914062500000000e+02
2.683906250000000000e+02
3.691914062500000000e+02
2.941718750000000000e+02
3.691914062500000000e+02
3.199531250000000000e+02
3.691914062500000000e+02
3.457343750000000000e+02
3.691914062500000000e+02
3.199531250000000000e+02
3.691914062500000000e+02
2.941718750000000000e+02
3.720898437500000000e+02
2.683906250000000000e+02
3.720898437500000000e+02
