1.091640625000000000e+02
2.828671875000000000e+02
1.091640625000000000e+02
3.290234375000000000e+02
1.118671875000000000e+02
3.751796875000000000e+02
1.199765625000000000e+02
4.213359375000000000e+02
1.307890625000000000e+02
4.543046875000000000e+02
1.551171875000000000e+02
4.872734375000000000e+02
1.821484375000000000e+02
5.004609375000000000e+02
2.253984375000000000e+02
5.070546875000000000e+02
2.686484375000000000e+02
5.004609375000000000e+02
3.227109375000000000e+02
5.070546875000000000e+02
3.605546875000000000e+02
5.004609375000000000e+02
3.875859375000000000e+02
4.806796875000000000e+02
4.092109375000000000e+02
4.477109375000000000e+02
4.227265625000000000e+02
4.081484375000000000e+02
4.281328125000000000e+02
3.685859375000000000e+02
4.335390625000000000e+02
3.290234375000000000e+02
4.335390625000000000e+02
2.696796875000000000e+02
1.253828125000000000e+02
2.433046875000000000e+02
1.483593750000000000e+02
2.301171875000000000e+02
1.740390625000000000e+02
2.334140625000000000e+02
2.010703125000000000e+02
2.400078125000000000e+02
2.267500000000000000e+02
2.466015625000000000e+02
3.037890625000000000e+02
2.466015625000000000e+02
3.294687500000000000e+02
2.367109375000000000e+02
3.551484375000000000e+02
2.268203125000000000e+02
3.808281250000000000e+02
2.235234375000000000e+02
4.065078125000000000e+02
2.367109375000000000e+02
2.659453125000000000e+02
2.762734375000000000e+02
2.659453125000000000e+02
3.092421875000000000e+02
2.659453125000000000e+02
3.422109375000000000e+02
2.659453125000000000e+02
3.685859375000000000e+02
2.362109375000000000e+02
3.883671875000000000e+02
2.497265625000000000e+02
3.949609375000000000e+02
2.659453125000000000e+02
3.949609375000000000e+02
2.821640625000000000e+02
3.949609375000000000e+02
2.983828125000000000e+02
3.883671875000000000e+02
1.497109375000000000e+02
2.762734375000000000e+02
1.659296875000000000e+02
2.696796875000000000e+02
2.064765625000000000e+02
2.696796875000000000e+02
2.199921875000000000e+02
2.828671875000000000e+02
2.037734375000000000e+02
2.894609375000000000e+02
1.659296875000000000e+02
2.894609375000000000e+02
3.091953125000000000e+02
2.828671875000000000e+02
3.254140625000000000e+02
2.630859375000000000e+02
3.632578125000000000e+02
2.630859375000000000e+02
3.821796875000000000e+02
2.696796875000000000e+02
3.659609375000000000e+02
2.828671875000000000e+02
3.281171875000000000e+02
2.894609375000000000e+02
2.037734375000000000e+02
4.477109375000000000e+02
2.308046875000000000e+02
4.345234375000000000e+02
2.551328125000000000e+02
4.279296875000000000e+02
2.686484375000000000e+02
4.279296875000000000e+02
2.794609375000000000e+02
4.279296875000000000e+02
3.037890625000000000e+02
4.345234375000000000e+02
3.308203125000000000e+02
4.477109375000000000e+02
3.118984375000000000e+02
4.608984375000000000e+02
2.929765625000000000e+02
4.740859375000000000e+02
2.686484375000000000e+02
4.806796875000000000e+02
2.443203125000000000e+02
4.740859375000000000e+02
2.253984375000000000e+02
4.674921875000000000e+02
2.091796875000000000e+02
4.477109375000000000e+02
2.389140625000000000e+02
4.477109375000000000e+02
2.686484375000000000e+02
4.477109375000000000e+02
2.956796875000000000e+02
4.477109375000000000e+02
3.254140625000000000e+02
4.477109375000000000e+02
2.983828125000000000e+02
4.477109375000000000e+02
2.686484375000000000e+02
4.477109375000000000e+02
2.389140625000000000e+02
4.477109375000000000e+02
