1.191289062500000000e+02
2.699257812500000000e+02
1.211523437500000000e+02
3.143007812500000000e+02
1.312695312500000000e+02
3.531289062500000000e+02
1.494804687500000000e+02
3.891835937500000000e+02
1.757851562500000000e+02
4.196914062500000000e+02
2.020898437500000000e+02
4.446523437500000000e+02
2.304179687500000000e+02
4.585195312500000000e+02
2.607695312500000000e+02
4.612929687500000000e+02
2.931445312500000000e+02
4.640664062500000000e+02
3.174257812500000000e+02
4.501992187500000000e+02
3.356367187500000000e+02
4.280117187500000000e+02
3.477773437500000000e+02
4.002773437500000000e+02
3.578945312500000000e+02
3.669960937500000000e+02
3.599179687500000000e+02
3.281679687500000000e+02
3.599179687500000000e+02
2.893398437500000000e+02
3.599179687500000000e+02
2.560585937500000000e+02
3.538476562500000000e+02
2.227773437500000000e+02
1.494804687500000000e+02
2.477382812500000000e+02
1.687031250000000000e+02
2.283242187500000000e+02
1.889375000000000000e+02
2.241640625000000000e+02
2.101835937500000000e+02
2.241640625000000000e+02
2.314296875000000000e+02
2.269375000000000000e+02
2.870742187500000000e+02
2.200039062500000000e+02
3.022500000000000000e+02
2.116835937500000000e+02
3.174257812500000000e+02
2.075234375000000000e+02
3.326015625000000000e+02
2.061367187500000000e+02
3.477773437500000000e+02
2.144570312500000000e+02
2.648164062500000000e+02
2.449648437500000000e+02
2.708867187500000000e+02
2.699257812500000000e+02
2.789804687500000000e+02
2.948867187500000000e+02
2.850507812500000000e+02
3.170742187500000000e+02
2.405351562500000000e+02
3.281679687500000000e+02
2.607695312500000000e+02
3.309414062500000000e+02
2.810039062500000000e+02
3.337148437500000000e+02
2.971914062500000000e+02
3.281679687500000000e+02
3.093320312500000000e+02
3.170742187500000000e+02
1.717382812500000000e+02
2.588320312500000000e+02
1.818554687500000000e+02
2.477382812500000000e+02
2.122070312500000000e+02
2.421914062500000000e+02
2.263710937500000000e+02
2.505117187500000000e+02
2.122070312500000000e+02
2.560585937500000000e+02
1.838789062500000000e+02
2.616054687500000000e+02
2.870742187500000000e+02
2.421914062500000000e+02
2.971914062500000000e+02
2.310976562500000000e+02
3.234960937500000000e+02
2.283242187500000000e+02
3.336132812500000000e+02
2.366445312500000000e+02
3.234960937500000000e+02
2.394179687500000000e+02
3.012382812500000000e+02
2.449648437500000000e+02
2.101835937500000000e+02
3.642226562500000000e+02
2.385117187500000000e+02
3.531289062500000000e+02
2.729101562500000000e+02
3.475820312500000000e+02
2.810039062500000000e+02
3.475820312500000000e+02
2.890976562500000000e+02
3.448085937500000000e+02
3.113554687500000000e+02
3.420351562500000000e+02
3.295664062500000000e+02
3.420351562500000000e+02
3.194492187500000000e+02
3.669960937500000000e+02
3.052851562500000000e+02
3.864101562500000000e+02
2.850507812500000000e+02
3.975039062500000000e+02
2.587460937500000000e+02
3.975039062500000000e+02
2.324414062500000000e+02
3.864101562500000000e+02
2.142304687500000000e+02
3.669960937500000000e+02
2.466054687500000000e+02
3.586757812500000000e+02
2.810039062500000000e+02
3.531289062500000000e+02
3.052851562500000000e+02
3.503554687500000000e+02
3.275429687500000000e+02
3.448085937500000000e+02
3.093320312500000000e+02
3.697695312500000000e+02
2.850507812500000000e+02
3.808632812500000000e+02
2.466054687500000000e+02
3.836367187500000000e+02
