1.290703125000000000e+02
2.625078125000000000e+02
1.290703125000000000e+02
3.063359375000000000e+02
1.310859375000000000e+02
3.424296875000000000e+02
1.371328125000000000e+02
3.888359375000000000e+02
1.613203125000000000e+02
4.197734375000000000e+02
1.875234375000000000e+02
4.403984375000000000e+02
2.197734375000000000e+02
4.429765625000000000e+02
2.500078125000000000e+02
4.455546875000000000e+02
2.802421875000000000e+02
4.455546875000000000e+02
3.104765625000000000e+02
4.429765625000000000e+02
3.346640625000000000e+02
4.300859375000000000e+02
3.548203125000000000e+02
4.068828125000000000e+02
3.689296875000000000e+02
3.759453125000000000e+02
3.709453125000000000e+02
3.372734375000000000e+02
3.709453125000000000e+02
2.960234375000000000e+02
3.709453125000000000e+02
2.650859375000000000e+02
3.709453125000000000e+02
2.315703125000000000e+02
1.451953125000000000e+02
2.393046875000000000e+02
1.643437500000000000e+02
2.277031250000000000e+02
1.865156250000000000e+02
2.251250000000000000e+02
2.107031250000000000e+02
2.251250000000000000e+02
2.308593750000000000e+02
2.251250000000000000e+02
2.842734375000000000e+02
2.199687500000000000e+02
3.024140625000000000e+02
2.148125000000000000e+02
3.215625000000000000e+02
2.109453125000000000e+02
3.407109375000000000e+02
2.070781250000000000e+02
3.588515625000000000e+02
2.186796875000000000e+02
2.600859375000000000e+02
2.444609375000000000e+02
2.621015625000000000e+02
2.676640625000000000e+02
2.661328125000000000e+02
2.882890625000000000e+02
2.681484375000000000e+02
3.089140625000000000e+02
2.318671875000000000e+02
3.243828125000000000e+02
2.500078125000000000e+02
3.269609375000000000e+02
2.661328125000000000e+02
3.269609375000000000e+02
2.822578125000000000e+02
3.243828125000000000e+02
2.963671875000000000e+02
3.192265625000000000e+02
1.693828125000000000e+02
2.521953125000000000e+02
1.814765625000000000e+02
2.444609375000000000e+02
2.137265625000000000e+02
2.418828125000000000e+02
2.258203125000000000e+02
2.521953125000000000e+02
2.117109375000000000e+02
2.573515625000000000e+02
1.814765625000000000e+02
2.599296875000000000e+02
2.883046875000000000e+02
2.444609375000000000e+02
2.983828125000000000e+02
2.289921875000000000e+02
3.245859375000000000e+02
2.289921875000000000e+02
3.386953125000000000e+02
2.341484375000000000e+02
3.266015625000000000e+02
2.418828125000000000e+02
3.003984375000000000e+02
2.470390625000000000e+02
2.096953125000000000e+02
3.656328125000000000e+02
2.338828125000000000e+02
3.578984375000000000e+02
2.621015625000000000e+02
3.527421875000000000e+02
2.701640625000000000e+02
3.527421875000000000e+02
2.782265625000000000e+02
3.501640625000000000e+02
3.024140625000000000e+02
3.527421875000000000e+02
3.225703125000000000e+02
3.604765625000000000e+02
3.084609375000000000e+02
3.733671875000000000e+02
2.923359375000000000e+02
3.811015625000000000e+02
2.741953125000000000e+02
3.862578125000000000e+02
2.520234375000000000e+02
3.836796875000000000e+02
2.298515625000000000e+02
3.785234375000000000e+02
2.117109375000000000e+02
3.656328125000000000e+02
2.399296875000000000e+02
3.656328125000000000e+02
2.721796875000000000e+02
3.656328125000000000e+02
2.963671875000000000e+02
3.630546875000000000e+02
3.205546875000000000e+02
3.604765625000000000e+02
2.963671875000000000e+02
3.656328125000000000e+02
2.721796875000000000e+02
3.682109375000000000e+02
2.419453125000000000e+02
3.682109375000000000e+02
