1.411406250000000000e+02
2.683867187500000000e+02
1.411406250000000000e+02
3.052460937500000000e+02
1.431718750000000000e+02
3.342070312500000000e+02
1.472343750000000000e+02
3.710664062500000000e+02
1.675468750000000000e+02
4.026601562500000000e+02
1.919218750000000000e+02
4.237226562500000000e+02
2.162968750000000000e+02
4.395195312500000000e+02
2.427031250000000000e+02
4.474179687500000000e+02
2.711406250000000000e+02
4.474179687500000000e+02
3.016093750000000000e+02
4.447851562500000000e+02
3.300468750000000000e+02
4.316210937500000000e+02
3.523906250000000000e+02
4.079257812500000000e+02
3.706718750000000000e+02
3.763320312500000000e+02
3.848906250000000000e+02
3.447382812500000000e+02
3.848906250000000000e+02
3.026132812500000000e+02
3.848906250000000000e+02
2.657539062500000000e+02
3.848906250000000000e+02
2.262617187500000000e+02
1.452031250000000000e+02
2.367929687500000000e+02
1.614531250000000000e+02
2.170468750000000000e+02
1.837968750000000000e+02
2.117812500000000000e+02
2.071562500000000000e+02
2.104648437500000000e+02
2.274687500000000000e+02
2.144140625000000000e+02
2.721562500000000000e+02
2.091484375000000000e+02
2.914531250000000000e+02
1.999335937500000000e+02
3.127812500000000000e+02
1.946679687500000000e+02
3.422343750000000000e+02
1.959843750000000000e+02
3.625468750000000000e+02
2.104648437500000000e+02
2.528593750000000000e+02
2.420585937500000000e+02
2.548906250000000000e+02
2.631210937500000000e+02
2.569218750000000000e+02
2.868164062500000000e+02
2.589531250000000000e+02
3.105117187500000000e+02
2.264531250000000000e+02
3.184101562500000000e+02
2.447343750000000000e+02
3.263085937500000000e+02
2.609843750000000000e+02
3.289414062500000000e+02
2.792656250000000000e+02
3.210429687500000000e+02
2.934843750000000000e+02
3.157773437500000000e+02
1.716093750000000000e+02
2.525898437500000000e+02
1.817656250000000000e+02
2.420585937500000000e+02
2.102031250000000000e+02
2.394257812500000000e+02
2.244218750000000000e+02
2.473242187500000000e+02
2.102031250000000000e+02
2.552226562500000000e+02
1.837968750000000000e+02
2.578554687500000000e+02
2.853593750000000000e+02
2.420585937500000000e+02
2.975468750000000000e+02
2.288945312500000000e+02
3.259843750000000000e+02
2.262617187500000000e+02
3.381718750000000000e+02
2.341601562500000000e+02
3.259843750000000000e+02
2.420585937500000000e+02
3.016093750000000000e+02
2.446914062500000000e+02
2.122343750000000000e+02
3.631679687500000000e+02
2.325468750000000000e+02
3.552695312500000000e+02
2.548906250000000000e+02
3.473710937500000000e+02
2.630156250000000000e+02
3.447382812500000000e+02
2.711406250000000000e+02
3.447382812500000000e+02
2.975468750000000000e+02
3.447382812500000000e+02
3.219218750000000000e+02
3.500039062500000000e+02
3.056718750000000000e+02
3.658007812500000000e+02
2.873906250000000000e+02
3.736992187500000000e+02
2.670781250000000000e+02
3.789648437500000000e+02
2.487968750000000000e+02
3.789648437500000000e+02
2.305156250000000000e+02
3.736992187500000000e+02
2.142656250000000000e+02
3.631679687500000000e+02
2.406718750000000000e+02
3.631679687500000000e+02
2.650468750000000000e+02
3.579023437500000000e+02
2.914531250000000000e+02
3.552695312500000000e+02
3.198906250000000000e+02
3.500039062500000000e+02
2.914531250000000000e+02
3.552695312500000000e+02
2.650468750000000000e+02
3.579023437500000000e+02
2.406718750000000000e+02
3.631679687500000000e+02
