1.610000000000000000e+02
2.368945312500000000e+02
1.610000000000000000e+02
2.729882812500000000e+02
1.630000000000000000e+02
3.090820312500000000e+02
1.730000000000000000e+02
3.451757812500000000e+02
1.850000000000000000e+02
3.782617187500000000e+02
1.970000000000000000e+02
4.053320312500000000e+02
2.150000000000000000e+02
4.324023437500000000e+02
2.350000000000000000e+02
4.534570312500000000e+02
2.570000000000000000e+02
4.624804687500000000e+02
2.890000000000000000e+02
4.624804687500000000e+02
3.190000000000000000e+02
4.534570312500000000e+02
3.490000000000000000e+02
4.354101562500000000e+02
3.750000000000000000e+02
4.113476562500000000e+02
3.950000000000000000e+02
3.782617187500000000e+02
4.010000000000000000e+02
3.181054687500000000e+02
4.010000000000000000e+02
2.729882812500000000e+02
3.990000000000000000e+02
2.218554687500000000e+02
1.610000000000000000e+02
2.188476562500000000e+02
1.730000000000000000e+02
2.083203125000000000e+02
1.880000000000000000e+02
2.098242187500000000e+02
2.050000000000000000e+02
2.143359375000000000e+02
2.200000000000000000e+02
2.188476562500000000e+02
2.640000000000000000e+02
2.128320312500000000e+02
2.850000000000000000e+02
2.038085937500000000e+02
3.080000000000000000e+02
1.992968750000000000e+02
3.300000000000000000e+02
1.932812500000000000e+02
3.530000000000000000e+02
2.008007812500000000e+02
2.430000000000000000e+02
2.429101562500000000e+02
2.410000000000000000e+02
2.669726562500000000e+02
2.410000000000000000e+02
2.940429687500000000e+02
2.390000000000000000e+02
3.181054687500000000e+02
2.230000000000000000e+02
3.331445312500000000e+02
2.330000000000000000e+02
3.361523437500000000e+02
2.450000000000000000e+02
3.421679687500000000e+02
2.590000000000000000e+02
3.391601562500000000e+02
2.770000000000000000e+02
3.361523437500000000e+02
1.730000000000000000e+02
2.429101562500000000e+02
1.810000000000000000e+02
2.338867187500000000e+02
2.090000000000000000e+02
2.338867187500000000e+02
2.210000000000000000e+02
2.489257812500000000e+02
2.090000000000000000e+02
2.519335937500000000e+02
1.810000000000000000e+02
2.519335937500000000e+02
2.870000000000000000e+02
2.459179687500000000e+02
2.990000000000000000e+02
2.338867187500000000e+02
3.290000000000000000e+02
2.278710937500000000e+02
3.430000000000000000e+02
2.368945312500000000e+02
3.310000000000000000e+02
2.459179687500000000e+02
3.030000000000000000e+02
2.489257812500000000e+02
2.130000000000000000e+02
3.782617187500000000e+02
2.250000000000000000e+02
3.692382812500000000e+02
2.390000000000000000e+02
3.662304687500000000e+02
2.470000000000000000e+02
3.662304687500000000e+02
2.570000000000000000e+02
3.662304687500000000e+02
2.830000000000000000e+02
3.692382812500000000e+02
3.110000000000000000e+02
3.782617187500000000e+02
2.910000000000000000e+02
3.933007812500000000e+02
2.730000000000000000e+02
3.993164062500000000e+02
2.510000000000000000e+02
4.053320312500000000e+02
2.370000000000000000e+02
4.023242187500000000e+02
2.230000000000000000e+02
3.933007812500000000e+02
2.150000000000000000e+02
3.782617187500000000e+02
2.330000000000000000e+02
3.812695312500000000e+02
2.490000000000000000e+02
3.812695312500000000e+02
2.790000000000000000e+02
3.812695312500000000e+02
3.090000000000000000e+02
3.782617187500000000e+02
2.790000000000000000e+02
3.812695312500000000e+02
2.490000000000000000e+02
3.812695312500000000e+02
2.330000000000000000e+02
3.812695312500000000e+02
