1.706484375000000000e+02
2.312265625000000000e+02
1.706484375000000000e+02
2.637109375000000000e+02
1.706484375000000000e+02
2.991484375000000000e+02
1.706484375000000000e+02
3.345859375000000000e+02
1.764140625000000000e+02
3.670703125000000000e+02
1.841015625000000000e+02
3.966015625000000000e+02
1.975546875000000000e+02
4.261328125000000000e+02
2.148515625000000000e+02
4.527109375000000000e+02
2.359921875000000000e+02
4.586171875000000000e+02
2.686640625000000000e+02
4.586171875000000000e+02
3.013359375000000000e+02
4.556640625000000000e+02
3.359296875000000000e+02
4.408984375000000000e+02
3.628359375000000000e+02
4.231796875000000000e+02
3.858984375000000000e+02
3.966015625000000000e+02
3.974296875000000000e+02
3.523046875000000000e+02
3.993515625000000000e+02
3.050546875000000000e+02
4.012734375000000000e+02
2.400859375000000000e+02
1.687265625000000000e+02
2.046484375000000000e+02
1.792968750000000000e+02
2.002187500000000000e+02
1.927500000000000000e+02
2.031718750000000000e+02
2.071640625000000000e+02
2.090781250000000000e+02
2.215781250000000000e+02
2.164609375000000000e+02
2.705859375000000000e+02
2.120312500000000000e+02
2.917265625000000000e+02
2.076015625000000000e+02
3.195937500000000000e+02
2.031718750000000000e+02
3.455390625000000000e+02
2.031718750000000000e+02
3.666796875000000000e+02
2.135078125000000000e+02
2.417578125000000000e+02
2.400859375000000000e+02
2.379140625000000000e+02
2.666640625000000000e+02
2.340703125000000000e+02
2.902890625000000000e+02
2.321484375000000000e+02
3.168671875000000000e+02
2.148515625000000000e+02
3.286796875000000000e+02
2.244609375000000000e+02
3.316328125000000000e+02
2.359921875000000000e+02
3.375390625000000000e+02
2.494453125000000000e+02
3.345859375000000000e+02
2.667421875000000000e+02
3.375390625000000000e+02
1.744921875000000000e+02
2.371328125000000000e+02
1.841015625000000000e+02
2.282734375000000000e+02
2.090859375000000000e+02
2.312265625000000000e+02
2.206171875000000000e+02
2.459921875000000000e+02
2.071640625000000000e+02
2.489453125000000000e+02
1.821796875000000000e+02
2.459921875000000000e+02
2.859609375000000000e+02
2.489453125000000000e+02
3.013359375000000000e+02
2.371328125000000000e+02
3.320859375000000000e+02
2.341796875000000000e+02
3.455390625000000000e+02
2.430390625000000000e+02
3.320859375000000000e+02
2.518984375000000000e+02
3.032578125000000000e+02
2.518984375000000000e+02
2.013984375000000000e+02
3.729765625000000000e+02
2.148515625000000000e+02
3.641171875000000000e+02
2.283046875000000000e+02
3.611640625000000000e+02
2.359921875000000000e+02
3.611640625000000000e+02
2.436796875000000000e+02
3.611640625000000000e+02
2.725078125000000000e+02
3.700234375000000000e+02
3.013359375000000000e+02
3.818359375000000000e+02
2.821171875000000000e+02
3.995546875000000000e+02
2.590546875000000000e+02
4.084140625000000000e+02
2.359921875000000000e+02
4.084140625000000000e+02
2.225390625000000000e+02
4.025078125000000000e+02
2.110078125000000000e+02
3.906953125000000000e+02
2.052421875000000000e+02
3.759296875000000000e+02
2.206171875000000000e+02
3.729765625000000000e+02
2.359921875000000000e+02
3.729765625000000000e+02
2.686640625000000000e+02
3.788828125000000000e+02
2.994140625000000000e+02
3.818359375000000000e+02
2.686640625000000000e+02
3.877421875000000000e+02
2.359921875000000000e+02
3.877421875000000000e+02
2.206171875000000000e+02
3.847890625000000000e+02
